[gd_scene load_steps=44 format=3 uid="uid://wo8o1d8w2j4s"]

[ext_resource type="PackedScene" uid="uid://kn5xfli5tkhx" path="res://addons/Godot-VR-Measurements/scenes/UICorrectedCameraRig.tscn" id="1_pby8d"]
[ext_resource type="PackedScene" uid="uid://c8ccdoo0nk1uy" path="res://addons/Godot-VR-Body-Solver/Scenes/SkeletalAvatar.tscn" id="2_0fogy"]
[ext_resource type="PackedScene" uid="uid://bo3f3lg1xqgqb" path="res://addons/Godot-VR-Body-Solver/Scenes/PreparedBodySolver.tscn" id="3_gfmwf"]
[ext_resource type="Script" path="res://addons/Newton/Scripts/Player/Turning.cs" id="3_xhkru"]
[ext_resource type="Script" path="res://addons/Newton/Scripts/Player/LegsJoint.cs" id="4_7bptw"]
[ext_resource type="Script" path="res://addons/Newton/Scripts/Player/CoreRB.cs" id="4_jlr6y"]
[ext_resource type="Script" path="res://addons/Newton/Scripts/Player/LocosphereMovement.cs" id="4_w6sr6"]
[ext_resource type="Script" path="res://addons/Newton/Scripts/Player/MoveWithChest.cs" id="6_0bglg"]
[ext_resource type="Script" path="res://addons/Newton/Scripts/IgnoreCollisionList.cs" id="6_5laxh"]
[ext_resource type="Script" path="res://addons/Newton/Scripts/Grabbables/GrabCoordinator.cs" id="6_58baa"]
[ext_resource type="Script" path="res://addons/Newton/Scripts/Player/HeadCollider.cs" id="9_e4qeh"]
[ext_resource type="Script" path="res://addons/Newton/Scripts/Player/HandCoreJoint.cs" id="9_gue12"]
[ext_resource type="Script" path="res://addons/Newton/Scripts/Player/ShrinkMidair.cs" id="9_lgv21"]
[ext_resource type="Script" path="res://addons/Newton/Scripts/IgnoreCollision.cs" id="10_avgum"]
[ext_resource type="PackedScene" uid="uid://ta178svgkj7b" path="res://addons/Godot-Extras/Axis Helper/Axis Helper.tscn" id="10_pt675"]
[ext_resource type="Script" path="res://addons/Newton/Scripts/Player/RescaleArmSegment.cs" id="11_0yyws"]
[ext_resource type="Script" path="res://addons/Newton/Scripts/Grabbables/PhysbodyHand.cs" id="11_bonw1"]
[ext_resource type="Script" path="res://addons/Newton/Scripts/Player/PinJointController.cs" id="11_qjhrs"]
[ext_resource type="Script" path="res://addons/Newton/Scripts/Player/MatchArmRotation.cs" id="11_qrf5w"]
[ext_resource type="Script" path="res://addons/Newton/Scripts/Player/ShoulderJointPositioning.cs" id="17_wfi3c"]
[ext_resource type="Script" path="res://addons/Newton/Scripts/Player/MountedCapsuleCollider.cs" id="18_iowrs"]
[ext_resource type="PackedScene" uid="uid://c5cs4wxvw3dsv" path="res://addons/Newton/Models/Avatars/Crash Dummy/crash_dummy_RIGGED.glb" id="22_camjs"]
[ext_resource type="Script" path="res://addons/Newton/Scripts/BodyMesh/BodyMesh.cs" id="23_awjlb"]
[ext_resource type="Script" path="res://addons/Newton/Scripts/BodyMesh/ChestBoneParent.cs" id="24_744ie"]
[ext_resource type="Script" path="res://addons/Newton/Scripts/BodyMesh/ForceUpdateBoneAttachment3D.cs" id="24_s6vtw"]
[ext_resource type="Script" path="res://addons/Newton/Scripts/BodyMesh/ArmSegmentBoneParent.cs" id="25_qpbvd"]
[ext_resource type="Script" path="res://addons/Newton/Scripts/BodyMesh/HeadBoneParent.cs" id="25_w8ex7"]

[sub_resource type="PhysicsMaterial" id="PhysicsMaterial_7mq57"]
resource_local_to_scene = true
friction = 20.0
rough = true

[sub_resource type="SphereShape3D" id="SphereShape3D_lmjnj"]
radius = 0.22

[sub_resource type="SphereMesh" id="SphereMesh_jj4w0"]
radius = 0.22
height = 0.44

[sub_resource type="BoxShape3D" id="BoxShape3D_7muw2"]
size = Vector3(0.3, 0.1, 0.3)

[sub_resource type="SphereShape3D" id="SphereShape3D_xr4nt"]
radius = 0.215

[sub_resource type="SphereMesh" id="SphereMesh_28osh"]
radius = 0.215
height = 0.43

[sub_resource type="CapsuleShape3D" id="CapsuleShape3D_xs7b8"]
radius = 0.035
height = 0.3

[sub_resource type="CapsuleShape3D" id="CapsuleShape3D_ndaod"]
radius = 0.035
height = 0.3

[sub_resource type="CapsuleShape3D" id="CapsuleShape3D_fg0uq"]
radius = 0.035
height = 0.3

[sub_resource type="CapsuleShape3D" id="CapsuleShape3D_ay8yw"]
radius = 0.035
height = 0.3

[sub_resource type="BoxShape3D" id="BoxShape3D_gp6i1"]
size = Vector3(0.25, 0.5, 0.13)

[sub_resource type="CapsuleShape3D" id="CapsuleShape3D_oq1ph"]
radius = 0.08
height = 0.27

[sub_resource type="CapsuleShape3D" id="CapsuleShape3D_hd670"]
radius = 0.04
height = 0.2

[sub_resource type="CapsuleShape3D" id="CapsuleShape3D_5rh2n"]
radius = 0.1
height = 1.0

[sub_resource type="PhysicsMaterial" id="PhysicsMaterial_wuh51"]
friction = 5.0
rough = true
absorbent = true

[sub_resource type="BoxShape3D" id="BoxShape3D_y5b6f"]
size = Vector3(0.0492554, 0.0869141, 0.160278)

[node name="NewtonPlayer" type="Node3D"]

[node name="CameraRig" parent="." instance=ExtResource("1_pby8d")]

[node name="UIPointer" parent="CameraRig/LeftAim" index="0"]
UseReticle = true
Reticle = ExtResource("10_pt675")

[node name="UIPointer" parent="CameraRig/RightAim" index="0"]
UseReticle = true
Reticle = ExtResource("10_pt675")

[node name="SkeletalAvatar" parent="CameraRig" node_paths=PackedStringArray("Solver") instance=ExtResource("2_0fogy")]
Solver = NodePath("../../BodySolver")

[node name="Eyes" parent="CameraRig/SkeletalAvatar" index="0"]
visible = false

[node name="Axis Helper" parent="CameraRig/SkeletalAvatar/Eyes" index="1"]
visible = false

[node name="Turning" type="Node" parent="CameraRig" node_paths=PackedStringArray("_CameraRig", "_TurnPivot", "_SnapTurnResetTimer")]
script = ExtResource("3_xhkru")
_CameraRig = NodePath("..")
_TurnPivot = NodePath("../Camera")
_SnapTurnResetTimer = NodePath("Timer")
_SmoothTurnPerSecond = 100.0
_SnapTurnResetDelay = 0.075

[node name="Timer" type="Timer" parent="CameraRig/Turning"]
one_shot = true

[node name="LeftFingers" type="OpenXRHand" parent="CameraRig"]
hand_skeleton = NodePath("LeftHandOpenXR/Skeleton3D")

[node name="LeftHandOpenXR" type="Node3D" parent="CameraRig/LeftFingers"]

[node name="Skeleton3D" type="Skeleton3D" parent="CameraRig/LeftFingers/LeftHandOpenXR"]
bones/0/name = "Wrist_L"
bones/0/parent = -1
bones/0/rest = Transform3D(0, -1, 1.82355e-05, 1, 0, -7.24049e-08, 7.24031e-08, 1.82355e-05, 1, 3.86425e-08, -1.86975e-05, 0.0271756)
bones/0/enabled = true
bones/0/position = Vector3(3.86425e-08, -1.86975e-05, 0.0271756)
bones/0/rotation = Quaternion(6.47283e-06, 6.42164e-06, 0.707107, 0.707107)
bones/0/scale = Vector3(1, 1, 1)
bones/1/name = "Thumb_Metacarpal_L"
bones/1/parent = 0
bones/1/rest = Transform3D(0.545869, 0.570831, -0.613334, -0.69357, 0.718548, 0.0514745, 0.470093, 0.397292, 0.788144, 0.0200453, -0.01, -0.0271395)
bones/1/enabled = true
bones/1/position = Vector3(0.0200453, -0.01, -0.0271395)
bones/1/rotation = Quaternion(0.0989657, -0.310054, -0.361845, 0.873579)
bones/1/scale = Vector3(1, 1, 1)
bones/2/name = "Thumb_Proximal_L"
bones/2/parent = 1
bones/2/rest = Transform3D(0.997668, -0.0504877, -0.0459211, 0.0575922, 0.983836, 0.169558, 0.0366182, -0.171807, 0.98445, 3.07336e-08, 5.12227e-09, -0.0449165)
bones/2/enabled = true
bones/2/position = Vector3(3.07336e-08, 5.12227e-09, -0.0449165)
bones/2/rotation = Quaternion(-0.0857067, -0.0207232, 0.0271357, 0.995735)
bones/2/scale = Vector3(1, 1, 1)
bones/3/name = "Thumb_Distal_L"
bones/3/parent = 2
bones/3/rest = Transform3D(0.998051, 0.0228641, -0.0580557, -0.0235179, 0.999667, -0.0106033, 0.057794, 0.011948, 0.998257, 1.21072e-08, 1.67638e-08, -0.0421479)
bones/3/enabled = true
bones/3/position = Vector3(1.21072e-08, 1.67638e-08, -0.0421479)
bones/3/rotation = Quaternion(0.00564065, -0.028977, -0.0116013, 0.999497)
bones/3/scale = Vector3(1, 1, 1)
bones/4/name = "Thumb_Tip_L"
bones/4/parent = 3
bones/4/rest = Transform3D(0.998218, -0.0189204, 0.0565888, 0.0190675, 0.999816, -0.00206108, -0.0565394, 0.00313641, 0.998395, -6.51926e-09, 8.3819e-09, -0.0307494)
bones/4/enabled = true
bones/4/position = Vector3(-6.51926e-09, 8.3819e-09, -0.0307494)
bones/4/rotation = Quaternion(0.00129995, 0.0282947, 0.0095012, 0.999554)
bones/4/scale = Vector3(1, 1, 1)
bones/5/name = "Index_Metacarpal_L"
bones/5/parent = 0
bones/5/rest = Transform3D(1, -1.20982e-05, -0.000489856, -1.26173e-05, 0.998728, -0.0504232, 0.000489843, 0.0504232, 0.998728, 0.0224504, 0.01, -0.0271398)
bones/5/enabled = true
bones/5/position = Vector3(0.0224504, 0.01, -0.0271398)
bones/5/rotation = Quaternion(0.0252196, -0.000245003, -1.2983e-07, 0.999682)
bones/5/scale = Vector3(1, 1, 1)
bones/6/name = "Index_Proximal_L"
bones/6/parent = 5
bones/6/rest = Transform3D(0.975244, -0.012442, -0.220783, -0.0206707, 0.988915, -0.147036, 0.220165, 0.147959, 0.964176, -3.44659e-08, 2.15256e-08, -0.0803676)
bones/6/enabled = true
bones/6/position = Vector3(-3.44659e-08, 2.15256e-08, -0.0803676)
bones/6/rotation = Quaternion(0.0744184, -0.111238, -0.00207585, 0.991001)
bones/6/scale = Vector3(1, 1, 1)
bones/7/name = "Index_Intermediate_L"
bones/7/parent = 6
bones/7/rest = Transform3D(0.998482, -0.0539886, 0.0109448, 0.0462499, 0.929526, 0.365845, -0.029925, -0.364783, 0.930611, 2.91038e-10, -1.33878e-08, -0.0381163)
bones/7/enabled = true
bones/7/position = Vector3(2.91038e-10, -1.33878e-08, -0.0381163)
bones/7/rotation = Quaternion(-0.185973, 0.010403, 0.0255146, 0.982168)
bones/7/scale = Vector3(1, 1, 1)
bones/8/name = "Index_Distal_L"
bones/8/parent = 7
bones/8/rest = Transform3D(0.999344, -0.0279706, -0.0229889, 0.0282578, 0.999525, 0.0122664, 0.0226349, -0.0129079, 0.99966, 1.71422e-08, 4.65661e-09, -0.0301068)
bones/8/enabled = true
bones/8/position = Vector3(1.71422e-08, 4.65661e-09, -0.0301068)
bones/8/rotation = Quaternion(-0.00629474, -0.011408, 0.0140597, 0.999816)
bones/8/scale = Vector3(1, 1, 1)
bones/9/name = "Index_Tip_L"
bones/9/parent = 8
bones/9/rest = Transform3D(0.99419, -0.00624824, 0.107456, -0.016393, 0.977879, 0.208529, -0.106382, -0.209079, 0.972095, -1.04774e-09, -9.02219e-10, -0.0271224)
bones/9/enabled = true
bones/9/position = Vector3(-1.04774e-09, -9.02219e-10, -0.0271224)
bones/9/rotation = Quaternion(-0.105139, 0.0538367, -0.00255409, 0.992996)
bones/9/scale = Vector3(1, 1, 1)
bones/10/name = "Middle_Metacarpal_L"
bones/10/parent = 0
bones/10/rest = Transform3D(0.997547, 0.00350109, 0.0699142, 0.00350025, 0.995005, -0.099769, -0.0699142, 0.0997689, 0.992551, 0.00357285, 0.01, -0.0271398)
bones/10/enabled = true
bones/10/position = Vector3(0.00357285, 0.01, -0.0271398)
bones/10/rotation = Quaternion(0.0499776, 0.0350224, -2.11455e-07, 0.998136)
bones/10/scale = Vector3(1, 1, 1)
bones/11/name = "Middle_Proximal_L"
bones/11/parent = 10
bones/11/rest = Transform3D(0.999713, -0.000407961, 0.0239658, -0.00218414, 0.994145, 0.108032, -0.0238695, -0.108054, 0.993858, 3.55067e-09, 1.70985e-10, -0.0804633)
bones/11/enabled = true
bones/11/position = Vector3(3.55067e-09, 1.70985e-10, -0.0804633)
bones/11/rotation = Quaternion(-0.0541047, 0.0119772, -0.000444728, 0.998463)
bones/11/scale = Vector3(1, 1, 1)
bones/12/name = "Middle_Intermediate_L"
bones/12/parent = 11
bones/12/rest = Transform3D(0.99686, 0.0180526, -0.0770922, -0.00584659, 0.987786, 0.155708, 0.0789615, -0.154768, 0.98479, -1.03464e-08, 7.98354e-09, -0.0450034)
bones/12/enabled = true
bones/12/position = Vector3(-1.03464e-08, 7.98354e-09, -0.0450034)
bones/12/rotation = Quaternion(-0.0779173, -0.0391633, -0.00599775, 0.996172)
bones/12/scale = Vector3(1, 1, 1)
bones/13/name = "Middle_Distal_L"
bones/13/parent = 12
bones/13/rest = Transform3D(0.999746, -0.001877, 0.0224598, 0.00325505, 0.998103, -0.0614777, -0.0223018, 0.0615352, 0.997856, -1.69384e-08, 4.54929e-09, -0.03174)
bones/13/enabled = true
bones/13/position = Vector3(-1.69384e-08, 4.54929e-09, -0.03174)
bones/13/rotation = Quaternion(0.0307698, 0.0111964, 0.0012837, 0.999463)
bones/13/scale = Vector3(1, 1, 1)
bones/14/name = "Middle_Tip_L"
bones/14/parent = 13
bones/14/rest = Transform3D(0.999753, 0.00840933, -0.0205499, -0.00162644, 0.950756, 0.309937, 0.0221443, -0.309827, 0.950535, 2.49947e-08, -6.11908e-09, -0.028247)
bones/14/enabled = true
bones/14/position = Vector3(2.49947e-08, -6.11908e-09, -0.028247)
bones/14/rotation = Quaternion(-0.156894, -0.0108081, -0.00254057, 0.987553)
bones/14/scale = Vector3(1, 1, 1)
bones/15/name = "Ring_Metacarpal_L"
bones/15/parent = 0
bones/15/rest = Transform3D(0.990098, 0.00254615, 0.140356, 0.00254414, 0.999346, -0.0360758, -0.140356, 0.0360756, 0.989444, -0.0130547, 0.01, -0.0271398)
bones/15/enabled = true
bones/15/position = Vector3(-0.0130547, 0.01, -0.0271398)
bones/15/rotation = Quaternion(0.0180856, 0.0703638, -5.04363e-07, 0.997357)
bones/15/scale = Vector3(1, 1, 1)
bones/16/name = "Ring_Proximal_L"
bones/16/parent = 15
bones/16/rest = Transform3D(0.994779, -0.00866366, 0.101683, 0.0083053, 0.999958, 0.00394718, -0.101713, -0.00308206, 0.994809, 6.70479e-08, 2.32831e-10, -0.0739438)
bones/16/enabled = true
bones/16/position = Vector3(6.70479e-08, 2.32831e-10, -0.0739438)
bones/16/rotation = Quaternion(-0.00175961, 0.0509154, 0.00424779, 0.998692)
bones/16/scale = Vector3(1, 1, 1)
bones/17/name = "Ring_Intermediate_L"
bones/17/parent = 16
bones/17/rest = Transform3D(0.99883, 0.0411008, -0.0254997, -0.0352686, 0.979658, 0.197549, 0.0331004, -0.196418, 0.979961, -3.22296e-07, 1.04919e-08, -0.0401312)
bones/17/enabled = true
bones/17/position = Vector3(-3.22296e-07, 1.04919e-08, -0.0401312)
bones/17/rotation = Quaternion(-0.0990074, -0.0147267, -0.0191923, 0.994793)
bones/17/scale = Vector3(1, 1, 1)
bones/18/name = "Ring_Distal_L"
bones/18/parent = 17
bones/18/rest = Transform3D(0.999618, 0.0273906, 0.00354117, -0.0273024, 0.999364, -0.0229264, -0.00416688, 0.0228209, 0.999731, 5.02914e-08, 7.10133e-09, -0.0270401)
bones/18/enabled = true
bones/18/position = Vector3(5.02914e-08, 7.10133e-09, -0.0270401)
bones/18/rotation = Quaternion(0.0114387, 0.00192732, -0.0136755, 0.999839)
bones/18/scale = Vector3(1, 1, 1)
bones/19/name = "Ring_Tip_L"
bones/19/parent = 18
bones/19/rest = Transform3D(0.998472, -0.00972267, -0.0543923, 0.0239495, 0.963274, 0.267451, 0.0497943, -0.268346, 0.962035, 1.20795e-07, -1.04774e-09, -0.0329011)
bones/19/enabled = true
bones/19/position = Vector3(1.20795e-07, -1.04774e-09, -0.0329011)
bones/19/rotation = Quaternion(-0.135244, -0.0262984, 0.00849941, 0.990427)
bones/19/scale = Vector3(1, 1, 1)
bones/20/name = "Little_Metacarpal_L"
bones/20/parent = 0
bones/20/rest = Transform3D(0.98346, 0.00517597, 0.181051, 0.0051721, 0.998381, -0.0566367, -0.181051, 0.0566364, 0.981842, -0.0299547, -3.72525e-09, -0.0271396)
bones/20/enabled = true
bones/20/position = Vector3(-0.0299547, -3.72525e-09, -0.0271396)
bones/20/rotation = Quaternion(0.0284477, 0.0909394, -9.71482e-07, 0.99545)
bones/20/scale = Vector3(1, 1, 1)
bones/21/name = "Little_Proximal_L"
bones/21/parent = 20
bones/21/rest = Transform3D(0.984036, -0.0104171, 0.177665, -0.00751393, 0.994964, 0.0999556, -0.177811, -0.0996948, 0.979002, -2.37651e-08, 1.50612e-08, -0.0657112)
bones/21/enabled = true
bones/21/position = Vector3(-2.37651e-08, 1.50612e-08, -0.0657112)
bones/21/rotation = Quaternion(-0.0501767, 0.0893393, 0.000729625, 0.994736)
bones/21/scale = Vector3(1, 1, 1)
bones/22/name = "Little_Intermediate_L"
bones/22/parent = 21
bones/22/rest = Transform3D(0.99449, 0.0753328, -0.0728939, -0.0581197, 0.974959, 0.214654, 0.087239, -0.209235, 0.973966, -3.73075e-09, 4.30737e-09, -0.0331235)
bones/22/enabled = true
bones/22/position = Vector3(-3.73075e-09, 4.30737e-09, -0.0331235)
bones/22/rotation = Quaternion(-0.10673, -0.0403194, -0.0336016, 0.992902)
bones/22/scale = Vector3(1, 1, 1)
bones/23/name = "Little_Distal_L"
bones/23/parent = 22
bones/23/rest = Transform3D(0.99926, 0.0282959, 0.0260431, -0.0291858, 0.99898, 0.0344517, -0.0250417, -0.0351863, 0.999067, 1.51194e-07, 2.44472e-09, -0.0173016)
bones/23/enabled = true
bones/23/position = Vector3(1.51194e-07, 2.44472e-09, -0.0173016)
bones/23/rotation = Quaternion(-0.0174154, 0.0127755, -0.0143753, 0.999663)
bones/23/scale = Vector3(1, 1, 1)
bones/24/name = "Little_Tip_L"
bones/24/parent = 23
bones/24/rest = Transform3D(0.998815, -0.0396658, -0.0281804, 0.0415888, 0.996588, 0.0712931, 0.0252564, -0.0723807, 0.997057, 7.85803e-09, 2.85218e-09, -0.01959)
bones/24/enabled = true
bones/24/position = Vector3(7.85803e-09, 2.85218e-09, -0.01959)
bones/24/rotation = Quaternion(-0.0359524, -0.0133718, 0.0203328, 0.999057)
bones/24/scale = Vector3(1, 1, 1)

[node name="RightFingers" type="OpenXRHand" parent="CameraRig"]
hand = 1
motion_range = 1
hand_skeleton = NodePath("RightHandOpenXR/Skeleton3D")

[node name="RightHandOpenXR" type="Node3D" parent="CameraRig/RightFingers"]

[node name="Skeleton3D" type="Skeleton3D" parent="CameraRig/RightFingers/RightHandOpenXR"]
bones/0/name = "Wrist_R"
bones/0/parent = -1
bones/0/rest = Transform3D(5.96046e-08, 1, -1.82354e-05, -0.999999, 0, -0.00166852, -0.00166852, 1.82354e-05, 0.999999, -3.86425e-08, -1.86975e-05, 0.0271756)
bones/0/enabled = true
bones/0/position = Vector3(-3.86425e-08, -1.86975e-05, 0.0271756)
bones/0/rotation = Quaternion(0.00059636, 0.000583466, -0.707107, 0.707107)
bones/0/scale = Vector3(1, 1, 1)
bones/1/name = "Thumb_Metacarpal_R"
bones/1/parent = 0
bones/1/rest = Transform3D(0.546653, -0.571493, 0.612018, 0.69357, 0.718548, 0.0514744, -0.469182, 0.396339, 0.789166, -0.02, -0.01, -0.0271729)
bones/1/enabled = true
bones/1/position = Vector3(-0.02, -0.01, -0.0271729)
bones/1/rotation = Quaternion(0.0986638, 0.309325, 0.361927, 0.873837)
bones/1/scale = Vector3(1, 1, 1)
bones/2/name = "Thumb_Proximal_R"
bones/2/parent = 1
bones/2/rest = Transform3D(0.997668, 0.0504876, 0.045921, -0.057592, 0.983836, 0.169558, -0.0366181, -0.171807, 0.98445, -1.95578e-08, -8.3819e-09, -0.0449165)
bones/2/enabled = true
bones/2/position = Vector3(-1.95578e-08, -8.3819e-09, -0.0449165)
bones/2/rotation = Quaternion(-0.0857067, 0.0207232, -0.0271356, 0.995735)
bones/2/scale = Vector3(1, 1, 1)
bones/3/name = "Thumb_Distal_R"
bones/3/parent = 2
bones/3/rest = Transform3D(0.998051, -0.022864, 0.0580558, 0.0235178, 0.999667, -0.010603, -0.057794, 0.0119477, 0.998257, -2.23517e-08, 1.58325e-08, -0.0421479)
bones/3/enabled = true
bones/3/position = Vector3(-2.23517e-08, 1.58325e-08, -0.0421479)
bones/3/rotation = Quaternion(0.00564051, 0.028977, 0.0116013, 0.999497)
bones/3/scale = Vector3(1, 1, 1)
bones/4/name = "Thumb_Tip_R"
bones/4/parent = 3
bones/4/rest = Transform3D(0.997637, 0.0389744, -0.056588, -0.0391537, 0.999231, -0.00206148, 0.0564641, 0.00427224, 0.998396, -2.79397e-09, -5.58794e-09, -0.0307495)
bones/4/enabled = true
bones/4/position = Vector3(-2.79397e-09, -5.58794e-09, -0.0307495)
bones/4/rotation = Quaternion(0.00158437, -0.0282798, -0.0195436, 0.999408)
bones/4/scale = Vector3(1, 1, 1)
bones/5/name = "Index_Metacarpal_R"
bones/5/parent = 0
bones/5/rest = Transform3D(0.999999, -7.20328e-05, -0.00117647, 1.26196e-05, 0.998728, -0.0504232, 0.00117861, 0.0504231, 0.998727, -0.0224051, 0.01, -0.0271773)
bones/5/enabled = true
bones/5/position = Vector3(-0.0224051, 0.01, -0.0271773)
bones/5/rotation = Quaternion(0.0252196, -0.000588958, 2.11698e-05, 0.999682)
bones/5/scale = Vector3(1, 1, 1)
bones/6/name = "Index_Proximal_R"
bones/6/parent = 5
bones/6/rest = Transform3D(0.975243, 0.012442, 0.220783, 0.0206706, 0.988915, -0.147035, -0.220165, 0.147959, 0.964176, 3.26312e-08, 7.14047e-09, -0.0803676)
bones/6/enabled = true
bones/6/position = Vector3(3.26312e-08, 7.14047e-09, -0.0803676)
bones/6/rotation = Quaternion(0.0744183, 0.111238, 0.00207583, 0.991001)
bones/6/scale = Vector3(1, 1, 1)
bones/7/name = "Index_Intermediate_R"
bones/7/parent = 6
bones/7/rest = Transform3D(0.998482, 0.0539886, -0.0109448, -0.0462499, 0.929526, 0.365845, 0.029925, -0.364783, 0.930611, 5.12227e-09, -4.83124e-09, -0.0381163)
bones/7/enabled = true
bones/7/position = Vector3(5.12227e-09, -4.83124e-09, -0.0381163)
bones/7/rotation = Quaternion(-0.185973, -0.010403, -0.0255146, 0.982168)
bones/7/scale = Vector3(1, 1, 1)
bones/8/name = "Index_Distal_R"
bones/8/parent = 7
bones/8/rest = Transform3D(0.99934, 0.0281252, 0.0229924, -0.0284128, 0.999521, 0.0122757, -0.0226362, -0.0129209, 0.99966, -2.03436e-08, -1.28057e-09, -0.0301069)
bones/8/enabled = true
bones/8/position = Vector3(-2.03436e-08, -1.28057e-09, -0.0301069)
bones/8/rotation = Quaternion(-0.0063003, 0.0114093, -0.0141371, 0.999815)
bones/8/scale = Vector3(1, 1, 1)
bones/9/name = "Index_Tip_R"
bones/9/parent = 8
bones/9/rest = Transform3D(0.99415, 0.0105787, -0.107491, 0.0121366, 0.977949, 0.208491, 0.107327, -0.208576, 0.972099, 1.15833e-08, 5.64614e-09, -0.0271217)
bones/9/enabled = true
bones/9/position = Vector3(1.15833e-08, 5.64614e-09, -0.0271217)
bones/9/rotation = Quaternion(-0.105002, -0.0540831, 0.000392214, 0.993)
bones/9/scale = Vector3(1, 1, 1)
bones/10/name = "Middle_Metacarpal_R"
bones/10/parent = 0
bones/10/rest = Transform3D(0.997429, -0.00366755, -0.0715701, -0.00350025, 0.995004, -0.099769, 0.0715785, 0.099763, 0.992433, -0.00352757, 0.01, -0.0271458)
bones/10/enabled = true
bones/10/position = Vector3(-0.00352757, 0.01, -0.0271458)
bones/10/rotation = Quaternion(0.0499776, -0.035855, 4.19048e-05, 0.998107)
bones/10/scale = Vector3(1, 1, 1)
bones/11/name = "Middle_Proximal_R"
bones/11/parent = 10
bones/11/rest = Transform3D(0.999713, 0.000407971, -0.0239658, 0.00218413, 0.994145, 0.108032, 0.0238695, -0.108054, 0.993858, -4.43833e-09, -1.4727e-08, -0.0804633)
bones/11/enabled = true
bones/11/position = Vector3(-4.43833e-09, -1.4727e-08, -0.0804633)
bones/11/rotation = Quaternion(-0.0541047, -0.0119772, 0.000444723, 0.998463)
bones/11/scale = Vector3(1, 1, 1)
bones/12/name = "Middle_Intermediate_R"
bones/12/parent = 11
bones/12/rest = Transform3D(0.99686, -0.0180526, 0.0770922, 0.00584659, 0.987786, 0.155708, -0.0789615, -0.154768, 0.98479, 1.1576e-08, 7.91806e-09, -0.0450034)
bones/12/enabled = true
bones/12/position = Vector3(1.1576e-08, 7.91806e-09, -0.0450034)
bones/12/rotation = Quaternion(-0.0779173, 0.0391633, 0.00599775, 0.996172)
bones/12/scale = Vector3(1, 1, 1)
bones/13/name = "Middle_Distal_R"
bones/13/parent = 12
bones/13/rest = Transform3D(0.999729, -0.00615634, -0.0224547, 0.00476525, 0.998097, -0.0614864, 0.0227905, 0.0613628, 0.997855, 1.61781e-08, 4.57658e-09, -0.03174)
bones/13/enabled = true
bones/13/position = Vector3(1.61781e-08, 4.57658e-09, -0.03174)
bones/13/rotation = Quaternion(0.0307289, -0.0113174, 0.00273187, 0.99946)
bones/13/scale = Vector3(1, 1, 1)
bones/14/name = "Middle_Tip_R"
bones/14/parent = 13
bones/14/rest = Transform3D(0.999734, -0.000902136, 0.0230599, -0.00614555, 0.952746, 0.303705, -0.0222442, -0.303766, 0.952487, 9.61882e-09, -2.23008e-09, -0.0282475)
bones/14/enabled = true
bones/14/position = Vector3(9.61882e-09, -2.23008e-09, -0.0282475)
bones/14/rotation = Quaternion(-0.153705, 0.011463, -0.00132671, 0.988049)
bones/14/scale = Vector3(1, 1, 1)
bones/15/name = "Ring_Metacarpal_R"
bones/15/parent = 0
bones/15/rest = Transform3D(0.989862, -0.00260635, -0.142006, -0.00254414, 0.999346, -0.0360758, 0.142007, 0.0360713, 0.989208, 0.0131, 0.01, -0.027118)
bones/15/enabled = true
bones/15/position = Vector3(0.0131, 0.01, -0.027118)
bones/15/rotation = Quaternion(0.0180856, -0.0711958, 1.55938e-05, 0.997298)
bones/15/scale = Vector3(1, 1, 1)
bones/16/name = "Ring_Proximal_R"
bones/16/parent = 15
bones/16/rest = Transform3D(0.994779, 0.00866366, -0.101683, -0.0083053, 0.999958, 0.00394718, 0.101713, -0.00308207, 0.994809, -6.51453e-08, -7.53789e-09, -0.0739438)
bones/16/enabled = true
bones/16/position = Vector3(-6.51453e-08, -7.53789e-09, -0.0739438)
bones/16/rotation = Quaternion(-0.00175961, -0.0509154, -0.00424779, 0.998692)
bones/16/scale = Vector3(1, 1, 1)
bones/17/name = "Ring_Intermediate_R"
bones/17/parent = 16
bones/17/rest = Transform3D(0.99883, -0.0411008, 0.0254997, 0.0352686, 0.979658, 0.197549, -0.0331004, -0.196418, 0.979961, 3.23329e-07, 3.65253e-09, -0.0401312)
bones/17/enabled = true
bones/17/position = Vector3(3.23329e-07, 3.65253e-09, -0.0401312)
bones/17/rotation = Quaternion(-0.0990074, 0.0147267, 0.0191923, 0.994793)
bones/17/scale = Vector3(1, 1, 1)
bones/18/name = "Ring_Distal_R"
bones/18/parent = 17
bones/18/rest = Transform3D(0.999618, -0.0273906, -0.00354115, 0.0273024, 0.999364, -0.0229262, 0.00416686, 0.0228208, 0.999731, -4.73956e-08, 3.66708e-09, -0.0270401)
bones/18/enabled = true
bones/18/position = Vector3(-4.73956e-08, 3.66708e-09, -0.0270401)
bones/18/rotation = Quaternion(0.0114386, -0.00192731, 0.0136754, 0.999839)
bones/18/scale = Vector3(1, 1, 1)
bones/19/name = "Ring_Tip_R"
bones/19/parent = 18
bones/19/rest = Transform3D(0.998472, 0.00972267, 0.0543923, -0.0239495, 0.963274, 0.267451, -0.0497943, -0.268345, 0.962035, -1.18482e-07, 6.98492e-10, -0.0329011)
bones/19/enabled = true
bones/19/position = Vector3(-1.18482e-07, 6.98492e-10, -0.0329011)
bones/19/rotation = Quaternion(-0.135244, 0.0262984, -0.0084994, 0.990427)
bones/19/scale = Vector3(1, 1, 1)
bones/20/name = "Little_Metacarpal_R"
bones/20/parent = 0
bones/20/rest = Transform3D(0.983157, -0.00527047, -0.182689, -0.00517208, 0.998381, -0.0566367, 0.182692, 0.0566276, 0.981538, 0.03, -3.10862e-14, -0.0270896)
bones/20/enabled = true
bones/20/position = Vector3(0.03, -3.10862e-14, -0.0270896)
bones/20/rotation = Quaternion(0.0284477, -0.0917698, 2.4713e-05, 0.995374)
bones/20/scale = Vector3(1, 1, 1)
bones/21/name = "Little_Proximal_R"
bones/21/parent = 20
bones/21/rest = Transform3D(0.984036, 0.0104171, -0.177665, 0.00751387, 0.994964, 0.0999556, 0.177811, -0.0996948, 0.979002, 1.73259e-08, 7.27596e-09, -0.0657112)
bones/21/enabled = true
bones/21/position = Vector3(1.73259e-08, 7.27596e-09, -0.0657112)
bones/21/rotation = Quaternion(-0.0501767, -0.0893392, -0.000729654, 0.994736)
bones/21/scale = Vector3(1, 1, 1)
bones/22/name = "Little_Intermediate_R"
bones/22/parent = 21
bones/22/rest = Transform3D(0.994491, -0.0753327, 0.0728938, 0.0581196, 0.974959, 0.214654, -0.087239, -0.209235, 0.973966, 7.37055e-09, 7.45058e-09, -0.0331235)
bones/22/enabled = true
bones/22/position = Vector3(7.37055e-09, 7.45058e-09, -0.0331235)
bones/22/rotation = Quaternion(-0.10673, 0.0403194, 0.0336016, 0.992902)
bones/22/scale = Vector3(1, 1, 1)
bones/23/name = "Little_Distal_R"
bones/23/parent = 22
bones/23/rest = Transform3D(0.99926, -0.0282959, -0.0260432, 0.0291859, 0.99898, 0.0344519, 0.0250418, -0.0351865, 0.999067, -1.49419e-07, -7.91624e-09, -0.0173016)
bones/23/enabled = true
bones/23/position = Vector3(-1.49419e-07, -7.91624e-09, -0.0173016)
bones/23/rotation = Quaternion(-0.0174155, -0.0127755, 0.0143753, 0.999663)
bones/23/scale = Vector3(1, 1, 1)
bones/24/name = "Little_Tip_R"
bones/24/parent = 23
bones/24/rest = Transform3D(0.998815, 0.0396658, 0.0281805, -0.0415888, 0.996588, 0.0712931, -0.0252564, -0.0723807, 0.997057, -6.28643e-09, -2.79397e-09, -0.01959)
bones/24/enabled = true
bones/24/position = Vector3(-6.28643e-09, -2.79397e-09, -0.01959)
bones/24/rotation = Quaternion(-0.0359523, 0.0133718, -0.0203328, 0.999057)
bones/24/scale = Vector3(1, 1, 1)

[node name="BodySolver" parent="." node_paths=PackedStringArray("CameraRig") instance=ExtResource("3_gfmwf")]
CameraRig = NodePath("../CameraRig")

[node name="PhysicsRig" type="Node3D" parent="."]

[node name="IgnoreCollisions" type="Node" parent="PhysicsRig" node_paths=PackedStringArray("BodiesA", "BodiesB")]
script = ExtResource("6_5laxh")
BodiesA = [NodePath("../LeftForearm"), NodePath("../RightForearm"), NodePath("../LeftHand"), NodePath("../RightHand"), NodePath("../LeftForearm"), NodePath("../RightForearm"), NodePath("../Locosphere"), NodePath("../Fender"), NodePath("../LeftArm"), NodePath("../RightArm"), NodePath("../LeftForearm"), NodePath("../RightForearm")]
BodiesB = [NodePath("../LeftHand"), NodePath("../RightHand"), NodePath("../Core"), NodePath("../Core"), NodePath("../Core"), NodePath("../Core"), NodePath("../Core"), NodePath("../Core"), NodePath("../Core"), NodePath("../Core"), NodePath("../LeftArm"), NodePath("../RightArm")]

[node name="MoveWithChest" type="Node" parent="PhysicsRig" node_paths=PackedStringArray("_BodySolver", "_CameraRig", "_RigRigidbodies")]
script = ExtResource("6_0bglg")
_BodySolver = NodePath("../../BodySolver")
_CameraRig = NodePath("../../CameraRig")
_RigRigidbodies = [NodePath("../Fender"), NodePath("../Core"), NodePath("../Locosphere"), NodePath("../LeftArm"), NodePath("../RightArm"), NodePath("../LeftForearm"), NodePath("../RightForearm"), NodePath("../LeftHand"), NodePath("../RightHand")]

[node name="GrabCoordinator" type="Node" parent="PhysicsRig"]
script = ExtResource("6_58baa")

[node name="Fender" type="RigidBody3D" parent="PhysicsRig"]
transform = Transform3D(1, 0, 0, 0, 1, 0, 0, 0, 1, 0, 1, 0)
collision_layer = 2
collision_mask = 3
axis_lock_angular_x = true
axis_lock_angular_y = true
axis_lock_angular_z = true
mass = 5.0
physics_material_override = SubResource("PhysicsMaterial_7mq57")
can_sleep = false

[node name="FenderCollision" type="CollisionShape3D" parent="PhysicsRig/Fender"]
shape = SubResource("SphereShape3D_lmjnj")

[node name="ShrinkMidair" type="Node" parent="PhysicsRig/Fender/FenderCollision" node_paths=PackedStringArray("_GroundCheck", "ignoreList", "_CollisionShape")]
script = ExtResource("9_lgv21")
_GroundCheck = NodePath("../../ShapeCast3D")
ignoreList = [NodePath("../.."), NodePath("../../../Locosphere"), NodePath("../../../LeftArm"), NodePath("../../../LeftForearm"), NodePath("../../../RightArm"), NodePath("../../../RightForearm"), NodePath("../../../Core"), NodePath("../../../LeftHand"), NodePath("../../../RightHand")]
_CollisionShape = NodePath("..")
normalRadius = 0.22
shrankRadius = 0.1
tweenTime = 0.4

[node name="Timer" type="Timer" parent="PhysicsRig/Fender/FenderCollision/ShrinkMidair"]
wait_time = 0.1
autostart = true

[node name="FenderMesh" type="MeshInstance3D" parent="PhysicsRig/Fender/FenderCollision"]
visible = false
mesh = SubResource("SphereMesh_jj4w0")
skeleton = NodePath("../..")

[node name="LegsJoint" type="Generic6DOFJoint3D" parent="PhysicsRig/Fender" node_paths=PackedStringArray("_ChestMount", "_CamRig", "_BodySolver", "_LocosphereCollision", "_FenderCollision", "_FenderJoint")]
node_a = NodePath("..")
node_b = NodePath("../../Core")
linear_limit_y/enabled = false
linear_limit_y/upper_distance = 1.0
linear_spring_y/enabled = true
linear_spring_y/stiffness = 8000.0
linear_spring_y/damping = 500.0
linear_spring_y/equilibrium_point = 0.9
angular_limit_x/enabled = false
angular_limit_y/enabled = false
angular_limit_z/enabled = false
script = ExtResource("4_7bptw")
_ChestMount = NodePath("../../Core/ChestMount")
_CamRig = NodePath("../../../CameraRig")
_BodySolver = NodePath("../../../BodySolver")
_LocosphereCollision = NodePath("../../Locosphere/LocosphereCollision")
_FenderCollision = NodePath("../FenderCollision")
_FenderJoint = NodePath("../../Locosphere/FenderJoint")
_JumpCrouchSpeed = 2.0
_CrouchingDeadzone = 0.3
_MinCrouchEquilibrium = 0.05
_MaxCrouchEquilibrium = 1.0

[node name="ShapeCast3D" type="ShapeCast3D" parent="PhysicsRig/Fender"]
shape = SubResource("BoxShape3D_7muw2")
target_position = Vector3(0, -0.3, 0)

[node name="Locosphere" type="RigidBody3D" parent="PhysicsRig" node_paths=PackedStringArray("_CameraRig", "_BodySolver")]
transform = Transform3D(1, 0, 0, 0, 1, 0, 0, 0, 1, 0, 0.956946, 0)
collision_layer = 2
collision_mask = 3
mass = 5.0
physics_material_override = SubResource("PhysicsMaterial_7mq57")
can_sleep = false
script = ExtResource("4_w6sr6")
_CameraRig = NodePath("../../CameraRig")
_BodySolver = NodePath("../../BodySolver")
_DeadzoneRadius = 0.1
_CrouchedAngVelMultiplier = 0.5
_DefaultAngVel = 10.0

[node name="LocosphereCollision" type="CollisionShape3D" parent="PhysicsRig/Locosphere"]
shape = SubResource("SphereShape3D_xr4nt")

[node name="ShrinkMidair" type="Node" parent="PhysicsRig/Locosphere/LocosphereCollision" node_paths=PackedStringArray("_GroundCheck", "ignoreList", "_CollisionShape")]
script = ExtResource("9_lgv21")
_GroundCheck = NodePath("../../../Fender/ShapeCast3D")
ignoreList = [NodePath("../../../Fender"), NodePath("../.."), NodePath("../../../LeftArm"), NodePath("../../../LeftForearm"), NodePath("../../../RightArm"), NodePath("../../../RightForearm"), NodePath("../../../Core"), NodePath("../../../LeftHand"), NodePath("../../../RightHand")]
_CollisionShape = NodePath("..")
normalRadius = 0.215
shrankRadius = 0.09
tweenTime = 0.4

[node name="Timer" type="Timer" parent="PhysicsRig/Locosphere/LocosphereCollision/ShrinkMidair"]
wait_time = 0.1
autostart = true

[node name="LocosphereMesh" type="MeshInstance3D" parent="PhysicsRig/Locosphere/LocosphereCollision"]
visible = false
mesh = SubResource("SphereMesh_28osh")
skeleton = NodePath("../..")

[node name="FenderJoint" type="Generic6DOFJoint3D" parent="PhysicsRig/Locosphere"]
node_a = NodePath("..")
node_b = NodePath("../../Fender")
angular_limit_x/enabled = false
angular_limit_y/enabled = false
angular_limit_z/enabled = false

[node name="LeftArm" type="RigidBody3D" parent="PhysicsRig"]
transform = Transform3D(1, 0, 0, 0, 1, 0, 0, 0, 1, -0.0806885, 1.22177, -0.295264)
collision_layer = 2
collision_mask = 3

[node name="MatchArmRotation" type="Node" parent="PhysicsRig/LeftArm" node_paths=PackedStringArray("VRBodySolver", "CamRig", "RB", "BoneMount")]
script = ExtResource("11_qrf5w")
VRBodySolver = NodePath("../../../BodySolver")
CamRig = NodePath("../../../CameraRig")
RB = NodePath("..")
BoneMount = NodePath("../BoneMount")
isLeftArm = true
_AngularApproachTime = 0.08
_MaxTorque = 30.0

[node name="RescaleLeftArm" type="Node" parent="PhysicsRig/LeftArm" node_paths=PackedStringArray("JointWhereA", "JointWhereB", "CollisionShape")]
script = ExtResource("11_0yyws")
JointWhereA = NodePath("../LeftElbowJoint")
JointWhereB = NodePath("../../Core/LeftShoulderJoint")
CollisionShape = NodePath("../LeftArmCollision")
radiusRatio = 0.12

[node name="BoneMount" type="Node3D" parent="PhysicsRig/LeftArm"]
transform = Transform3D(1, 0, 0, 0, -4.37114e-08, -1, 0, 1, -4.37114e-08, 0, 0, 0)

[node name="LeftArmCollision" type="CollisionShape3D" parent="PhysicsRig/LeftArm"]
shape = SubResource("CapsuleShape3D_xs7b8")

[node name="LeftElbowJoint" type="PinJoint3D" parent="PhysicsRig/LeftArm"]
transform = Transform3D(1, 0, 0, 0, 1, 0, 0, 0, 1, 0.163679, -0.002354, 0)
node_a = NodePath("..")
node_b = NodePath("../../LeftForearm")
script = ExtResource("11_qjhrs")
JointPosA = Vector3(0, 0.125, 0)
JointPosB = Vector3(0, -0.125, 0)

[node name="LeftForearm" type="RigidBody3D" parent="PhysicsRig"]
transform = Transform3D(1, 0, 0, 0, 1, 0, 0, 0, 1, -0.0806885, 1.26962, -0.437997)
collision_layer = 2
collision_mask = 3

[node name="MatchArmRotation" type="Node" parent="PhysicsRig/LeftForearm" node_paths=PackedStringArray("VRBodySolver", "CamRig", "RB", "BoneMount")]
script = ExtResource("11_qrf5w")
VRBodySolver = NodePath("../../../BodySolver")
CamRig = NodePath("../../../CameraRig")
RB = NodePath("..")
BoneMount = NodePath("../BoneMount")
isLeftArm = true
isForearm = true
_AngularApproachTime = 0.08
_MaxTorque = 30.0

[node name="RescaleLeftForearm" type="Node" parent="PhysicsRig/LeftForearm" node_paths=PackedStringArray("JointWhereA", "JointWhereB", "CollisionShape")]
script = ExtResource("11_0yyws")
JointWhereA = NodePath("../LeftWristJoint")
JointWhereB = NodePath("../../LeftArm/LeftElbowJoint")
CollisionShape = NodePath("../LeftForearmCollision")
isForearm = true
radiusRatio = 0.12

[node name="BoneMount" type="Node3D" parent="PhysicsRig/LeftForearm"]
transform = Transform3D(1, 0, 0, 0, -4.37114e-08, -1, 0, 1, -4.37114e-08, 0, 0, 0)

[node name="LeftForearmCollision" type="CollisionShape3D" parent="PhysicsRig/LeftForearm"]
shape = SubResource("CapsuleShape3D_ndaod")

[node name="LeftWristJoint" type="PinJoint3D" parent="PhysicsRig/LeftForearm"]
node_a = NodePath("..")
node_b = NodePath("../../LeftHand")
script = ExtResource("11_qjhrs")
JointPosA = Vector3(0, 0.125, 0)

[node name="RightArm" type="RigidBody3D" parent="PhysicsRig"]
transform = Transform3D(1, 0, 0, 0, 1, 0, 0, 0, 1, 0.0829906, 1.21941, -0.295264)
collision_layer = 2
collision_mask = 3

[node name="MatchArmRotation" type="Node" parent="PhysicsRig/RightArm" node_paths=PackedStringArray("VRBodySolver", "CamRig", "RB", "BoneMount")]
script = ExtResource("11_qrf5w")
VRBodySolver = NodePath("../../../BodySolver")
CamRig = NodePath("../../../CameraRig")
RB = NodePath("..")
BoneMount = NodePath("../BoneMount")
_AngularApproachTime = 0.08
_MaxTorque = 30.0

[node name="RescaleRightArm" type="Node" parent="PhysicsRig/RightArm" node_paths=PackedStringArray("JointWhereA", "JointWhereB", "CollisionShape")]
script = ExtResource("11_0yyws")
JointWhereA = NodePath("../RightElbowJoint")
JointWhereB = NodePath("../../Core/RightShoulderJoint")
CollisionShape = NodePath("../RightArmCollision")
radiusRatio = 0.12

[node name="BoneMount" type="Node3D" parent="PhysicsRig/RightArm"]
transform = Transform3D(1, 0, 0, 0, -4.37114e-08, -1, 0, 1, -4.37114e-08, 0, 0, 0)

[node name="RightArmCollision" type="CollisionShape3D" parent="PhysicsRig/RightArm"]
shape = SubResource("CapsuleShape3D_fg0uq")

[node name="RightElbowJoint" type="PinJoint3D" parent="PhysicsRig/RightArm"]
node_a = NodePath("..")
node_b = NodePath("../../RightForearm")
script = ExtResource("11_qjhrs")
JointPosA = Vector3(0, 0.125, 0)
JointPosB = Vector3(0, -0.125, 0)

[node name="RightForearm" type="RigidBody3D" parent="PhysicsRig"]
transform = Transform3D(1, 0, 0, 0, 1, 0, 0, 0, 1, 0.0829906, 1.26727, -0.437997)
collision_layer = 2
collision_mask = 3

[node name="MatchArmRotation" type="Node" parent="PhysicsRig/RightForearm" node_paths=PackedStringArray("VRBodySolver", "CamRig", "RB", "BoneMount")]
script = ExtResource("11_qrf5w")
VRBodySolver = NodePath("../../../BodySolver")
CamRig = NodePath("../../../CameraRig")
RB = NodePath("..")
BoneMount = NodePath("../BoneMount")
isForearm = true
_AngularApproachTime = 0.08
_MaxTorque = 30.0

[node name="RescaleRightForearm" type="Node" parent="PhysicsRig/RightForearm" node_paths=PackedStringArray("JointWhereA", "JointWhereB", "CollisionShape")]
script = ExtResource("11_0yyws")
JointWhereA = NodePath("../RightWristJoint")
JointWhereB = NodePath("../../RightArm/RightElbowJoint")
CollisionShape = NodePath("../RightForearmCollision")
isForearm = true
radiusRatio = 0.12

[node name="BoneMount" type="Node3D" parent="PhysicsRig/RightForearm"]
transform = Transform3D(1, 0, 0, 0, -4.37114e-08, -1, 0, 1, -4.37114e-08, 0, 0, 0)

[node name="RightForearmCollision" type="CollisionShape3D" parent="PhysicsRig/RightForearm"]
shape = SubResource("CapsuleShape3D_ay8yw")

[node name="RightWristJoint" type="PinJoint3D" parent="PhysicsRig/RightForearm"]
node_a = NodePath("..")
node_b = NodePath("../../RightHand")
script = ExtResource("11_qjhrs")
JointPosA = Vector3(0, 0.125, 0)

[node name="Core" type="RigidBody3D" parent="PhysicsRig" node_paths=PackedStringArray("_ChestMount", "_CameraRig", "_BodySolver")]
transform = Transform3D(1, 0, 0, 0, 1, 0, 0, 0, 1, 0, 1, 0)
collision_layer = 2
collision_mask = 3
axis_lock_angular_x = true
axis_lock_angular_y = true
axis_lock_angular_z = true
mass = 10.0
can_sleep = false
script = ExtResource("4_jlr6y")
_ChestMount = NodePath("ChestMount")
_CameraRig = NodePath("../../CameraRig")
_BodySolver = NodePath("../../BodySolver")

[node name="IgnoreLocosphereCollision" type="Node" parent="PhysicsRig/Core" node_paths=PackedStringArray("A", "B")]
script = ExtResource("10_avgum")
A = NodePath("..")
B = NodePath("../../Locosphere")

[node name="ChestCollision" type="CollisionShape3D" parent="PhysicsRig/Core"]
transform = Transform3D(1, 0, 0, 0, 1, 0, 0, 0, 1, 0, 0, 0.02)
shape = SubResource("BoxShape3D_gp6i1")

[node name="HeadCollision" type="CollisionShape3D" parent="PhysicsRig/Core" node_paths=PackedStringArray("_CameraRig", "_BodySolver", "_EyeMount", "_ChestMount")]
transform = Transform3D(1, 0, 0, 0, 1, 0, 0, 0, 1, 0, 0.411492, -0.092548)
shape = SubResource("CapsuleShape3D_oq1ph")
script = ExtResource("9_e4qeh")
_CameraRig = NodePath("../../../CameraRig")
_BodySolver = NodePath("../../../BodySolver")
_EyeMount = NodePath("EyeMount")
_ChestMount = NodePath("../ChestMount")
